#    0.000   0.000   0.000 ;Mean Elev.(m), Avg Gradient(m/km), RMS Gradient(m/km) - SRTM1     
#    0.000   0.000   0.000 ;Mean Elev.(m), Avg Gradient(m/km), RMS Gradient(m/km) - ASTER GDEM
#    4.975  -0.380   2.006 ;Mean Elev.(m), Avg Gradient(m/km), RMS Gradient(m/km) - GMTED2010 
  6     4.254 52437.12002710 43.08 285.219883  10.516684 24.757
  6     4.266 52437.12002774 44.17 285.219138  10.519986 23.382
  7     3.972 52472.12002928 38.32 285.223879  10.521832 16.602
  7     3.899 52472.12002993 37.45 285.223139  10.525132 16.602
  8    -2.490 52507.12000507 33.79 285.226863  10.524371 11.883
  8    -1.399 52507.12000571 32.09 285.226113  10.527671 11.883
  9     2.626 52542.11998791 47.98 285.231638  10.528446 27.739
  9     2.646 52542.11998856 49.69 285.230898  10.531756 27.739
 10     3.386 52577.12003653 53.45 285.223530  10.521079 20.120
 10     3.452 52577.12003717 52.25 285.222790  10.524379 20.120
 11     4.397 52612.12000015 34.83 285.226041  10.522312 22.121
 11     4.124 52612.12000079 28.88 285.225301  10.525612 22.121
 11     4.213 52612.12000144 34.78 285.224561  10.528922 22.121
 12     3.167 52647.11998536 27.30 285.227713  10.523637 23.012
 12     3.399 52647.11998601 26.41 285.226963  10.526947 23.012
 12     3.177 52647.11998665 25.40 285.226223  10.530247 23.012
 13     0.978 52682.11995669 26.88 285.234878  10.530482 18.572
 13     2.314 52682.11995733 25.84 285.234138  10.533792 18.572
 14     1.127 52717.12001471 35.95 285.224598  10.521573 11.977
 14     1.131 52717.12001535 47.75 285.223848  10.524883 11.977
 15     2.756 52752.12003843 45.96 285.218451  10.514492 24.670
 15     2.775 52752.12003907 44.83 285.217712  10.517794 15.904
 16     3.783 52787.11998466 51.59 285.224758  10.520880 13.089
 16     3.692 52787.11998530 52.43 285.224005  10.524182 19.105
 17     4.835 52822.12005770 53.32 285.225912  10.523027 26.157
 17     4.417 52822.12005835 52.00 285.225161  10.526328 26.074
 18     4.226 52857.12010488 51.88 285.229055  10.523871 20.066
 18     4.064 52857.12010552 37.57 285.228306  10.527173 19.671
 18     4.017 52857.12010617 33.21 285.227566  10.530473 19.671
 19     3.338 52892.12013648 34.69 285.224175  10.520420 13.253
 19     3.286 52892.12013713 39.55 285.223435  10.523720 13.253
 20     4.491 52927.12008880 54.39 285.226164  10.523185 19.369
 20     4.387 52927.12008944 48.46 285.225414  10.526485 19.369
 21     5.261 52962.12005854 51.41 285.232942  10.528122 36.142
 21     5.364 52962.12005918 46.95 285.232202  10.531422 36.142
 21     5.267 52962.12005983 45.87 285.231452  10.534732 36.142
 22     5.991 52997.12009956 35.23 285.224768  10.521379 32.192
 22     5.713 52997.12010020 34.57 285.224018  10.524679 32.192
 23     3.768 53032.12005903 28.57 285.226623  10.524004 20.745
 23     3.575 53032.12005967 25.81 285.225883  10.527304 20.745
 24     2.618 53067.12006959 21.04 285.229108  10.526697 22.996
 24     2.813 53067.12007023 16.37 285.228368  10.529997 22.996
 25     2.980 53102.12006287 30.41 285.225527  10.520835 16.873
 25     1.652 53102.12006351 22.29 285.224787  10.524145 16.873
 25     1.417 53102.12006416 24.51 285.224047  10.527445 16.873
 26     3.189 53137.12007239 45.86 285.230283  10.526459 21.736
 26     3.313 53137.12007304 50.05 285.229533  10.529769 21.736
 27     4.364 53172.12011942 48.02 285.225334  10.519955 25.209
 27     4.566 53172.12012006 54.00 285.224594  10.523265 25.209
 28     3.478 53207.12013435 51.97 285.225328  10.523797 24.723
 28     3.529 53207.12013499 51.57 285.224588  10.527107 24.723
 29     3.112 53242.12010200 55.29 285.230574  10.525505 28.955
 29     3.173 53242.12010264 51.36 285.229834  10.528815 28.955
 29     3.269 53242.12010329 41.62 285.229084  10.532115 28.955
 30     4.110 53277.12007437 52.16 285.226247  10.523068 27.905
 30     4.086 53277.12007501 49.49 285.225507  10.526368 27.905
 31     4.950 53312.12011038 51.27 285.224864  10.521026 25.869
 31     5.041 53312.12011102 46.29 285.224114  10.524326 25.869
 32     5.927 53347.12007702 46.56 285.228479  10.526320 32.931
 32     5.811 53347.12007766 47.01 285.227739  10.529630 32.931
 33     4.079 53382.12003917 27.36 285.227356  10.524704 30.653
 33     4.142 53382.12003982 31.41 285.226616  10.528004 30.653
 34     2.661 53417.12005616 23.64 285.232917  10.529946 32.326
 34     3.442 53417.12005681 20.53 285.232177  10.533246 32.326
 35     1.971 53452.12005478 49.78 285.227768  10.523148 21.862
 35     1.927 53452.12005543 50.85 285.227018  10.526458 21.862
 35     1.904 53452.12005607 44.13 285.226278  10.529758 21.862
 37     4.257 53522.12013257 52.37 285.228847  10.526835 34.548
 37     4.349 53522.12013321 45.11 285.228107  10.530135 34.548
 38     4.689 53557.12015577 40.73 285.221417  10.517332 30.846
 38     4.623 53557.12015642 45.53 285.220677  10.520642 30.846
 39     3.643 53592.12009473 44.80 285.234113  10.531818 36.399
 39     3.978 53592.12009538 39.97 285.233363  10.535128 36.399
 40     3.628 53627.12008274 49.12 285.220462  10.517926 32.942
 40     3.667 53627.12008338 46.52 285.219722  10.521226 32.942
 41     4.262 53662.12010856 52.41 285.224577  10.521715 30.409
 41     4.193 53662.12010920 52.31 285.223837  10.525015 30.409
 42     5.533 53697.12007500 31.55 285.228067  10.523905 33.477
 42     5.422 53697.12007564 30.83 285.227327  10.527205 33.477
 42     5.544 53697.12007629 45.57 285.226577  10.530515 33.477
 43     5.743 53732.11999849 38.95 285.231513  10.528682 41.033
 43     5.828 53732.11999913 47.79 285.230773  10.531992 41.033
 44     3.891 53767.11997306 33.98 285.232133  10.527296 36.781
 44     3.997 53767.11997371 35.59 285.231383  10.530596 36.781
 44     4.176 53767.11997435 38.42 285.230643  10.533896 36.781
 45     2.965 53802.11997334 22.39 285.231709  10.526660 33.004
 45     3.429 53802.11997398 28.04 285.230969  10.529960 33.004
 45     4.022 53802.11997463 28.47 285.230229  10.533270 33.004
 46     3.461 53837.11998324 27.54 285.226460  10.521484 20.179
 46     3.337 53837.11998388 25.08 285.225720  10.524784 20.179
 46     3.416 53837.11998453 23.20 285.224970  10.528084 20.179
 47     4.830 53872.12003678 50.87 285.227149  10.522658 32.247
 47     4.829 53872.12003742 48.14 285.226409  10.525958 32.247
 47     4.792 53872.12003807 42.47 285.225669  10.529268 32.247
 48     5.776 53907.12007676 50.20 285.223570  10.520811 30.709
 48     5.751 53907.12007741 51.05 285.222830  10.524111 30.709
 49     4.865 53942.12010329 38.64 285.219307  10.515357 22.002
 49     4.754 53942.12010393 32.20 285.218567  10.518657 22.002
 50     3.719 53977.12005804 51.78 285.226135  10.522854 26.851
 50     3.803 53977.12005869 51.23 285.225395  10.526154 26.851
 50     3.843 53977.12005933 47.06 285.224655  10.529464 26.851
 51     3.950 54012.12006386 36.80 285.226965  10.525517 17.447
 51     4.019 54012.12006451 37.92 285.226225  10.528817 17.447
 52     4.789 54047.12007627 50.30 285.232130  10.530784 29.627
 52     4.687 54047.12007691 43.54 285.231380  10.534094 29.627
 54     4.074 54117.11999992 24.71 285.228751  10.525185 30.854
 54     4.271 54117.12000056 26.01 285.228011  10.528485 30.854
 55     1.447 54152.12002005 28.59 285.225968  10.524273 13.579
 55     1.554 54152.12002070 35.67 285.225218  10.527573 13.579
 56     1.681 54187.11999296 34.81 285.228564  10.525539 16.537
 56     1.756 54187.11999360 40.07 285.227814  10.528839 16.537
 57     3.959 54222.12002951 54.04 285.225588  10.523585 24.673
 57     3.913 54222.12003016 52.38 285.224838  10.526885 24.673
 58     5.588 54257.12005239 43.42 285.227239  10.523405 28.573
 58     5.374 54257.12005304 38.07 285.226499  10.526705 28.573
 58     5.248 54257.12005368 38.32 285.225749  10.530005 28.573
 59     5.926 54292.12005454 50.11 285.228627  10.524904 24.876
 59     5.903 54292.12005518 47.54 285.227887  10.528204 24.876
 60     4.811 54327.12005137 51.52 285.228970  10.527710 33.667
 60     4.934 54327.12005201 48.53 285.228230  10.531010 33.667
 61     5.503 54362.12000136 46.06 285.228693  10.526884 32.144
 61     5.461 54362.12000200 43.79 285.227953  10.530194 32.144
 62     5.437 54397.11999101 52.51 285.228251  10.526863 35.298
 62     5.496 54397.11999165 51.62 285.227511  10.530173 35.298
 63     6.807 54432.11995047 47.35 285.230052  10.524875 28.446
 63     6.503 54432.11995112 42.13 285.229312  10.528175 28.446
 63     6.468 54432.11995176 46.21 285.228572  10.531485 28.446
 64     5.443 54467.11997209 29.36 285.228771  10.525136 40.050
 64     5.021 54467.11997274 31.89 285.228031  10.528436 40.050
 65     3.215 54502.11996547 42.07 285.228652  10.526786 30.870
 65     3.246 54502.11996612 45.11 285.227912  10.530086 30.870
 66     3.892 54537.11998732 23.69 285.228966  10.525053 32.266
 66     4.077 54537.11998796 21.72 285.228226  10.528353 32.266
 67     3.562 54572.11996749 23.44 285.228910  10.527220 24.367
 67     3.131 54572.11996813 29.45 285.228160  10.530520 24.367
 68     4.224 54607.11998136 53.28 285.227008  10.524281 22.449
 68     4.120 54607.11998200 52.73 285.226268  10.527581 22.449
 69     5.082 54642.11998969 35.02 285.227515  10.523181 27.997
 69     5.030 54642.11999033 29.11 285.226765  10.526481 27.997
 69     4.901 54642.11999097 37.81 285.226025  10.529791 27.997
 70     5.831 54677.11999176 52.82 285.226412  10.523510 28.836
 70     5.802 54677.11999241 51.50 285.225662  10.526810 28.836
 71     5.830 54712.11994686 50.19 285.229980  10.527240 35.733
 71     5.806 54712.11994750 51.86 285.229240  10.530550 35.733
 72     5.690 54747.11996046 34.64 285.226508  10.524589 37.957
 72     5.584 54747.11996111 35.95 285.225768  10.527889 37.957
 73     6.120 54782.11993186 46.38 285.229163  10.525485 41.926
 73     6.303 54782.11993251 42.18 285.228423  10.528785 41.926
 74     6.970 54817.11995275 33.74 285.227696  10.522904 42.486
 74     6.510 54817.11995340 32.38 285.226946  10.526204 42.486
 74     6.325 54817.11995404 43.17 285.226206  10.529504 42.486
 75     4.862 54852.11993007 25.84 285.228702  10.525522 37.859
 75     5.122 54852.11993072 28.64 285.227962  10.528822 37.859
 76     4.394 54887.11995679 24.49 285.226662  10.521893 33.377
 76     4.350 54887.11995743 23.48 285.225912  10.525193 33.377
 76     4.495 54887.11995807 31.81 285.225172  10.528493 33.377
 77     3.492 54922.11993008 24.68 285.227262  10.524183 25.395
 77     4.013 54922.11993072 24.97 285.226522  10.527493 25.395
 78     4.163 54957.11995383 36.31 285.226030  10.522770 34.828
 78     4.180 54957.11995448 35.34 285.225290  10.526070 34.828
 78     4.958 54957.11995512 29.29 285.224540  10.529380 34.828
 79     4.007 54992.11997627 37.35 285.225533  10.520379 22.581
 79     3.987 54992.11997692 30.67 285.224793  10.523679 22.581
 79     4.078 54992.11997756 27.69 285.224053  10.526979 22.581
 80     4.290 55027.11996756 52.22 285.228078  10.526175 25.288
 80     4.189 55027.11996821 49.79 285.227338  10.529475 25.288
 81     3.462 55062.11996021 53.22 285.228186  10.523484 26.874
 81     3.453 55062.11996085 53.77 285.227436  10.526784 26.874
 81     3.340 55062.11996150 46.88 285.226696  10.530084 26.874
 82     3.446 55097.11990876 51.56 285.228136  10.524770 20.896
 82     3.503 55097.11990941 46.65 285.227396  10.528080 20.896
 84     4.123 55167.11987065 36.38 285.229552  10.525452 29.494
 84     4.110 55167.11987129 36.21 285.228802  10.528762 29.494
 84     4.113 55167.11987194 31.28 285.228062  10.532062 29.494
 85     2.514 55202.11989578 28.34 285.226445  10.524638 16.839
 85     2.221 55202.11989642 25.61 285.225705  10.527938 16.839
 86     0.763 55237.11987732 36.06 285.228227  10.523445 13.480
 86     0.884 55237.11987797 39.38 285.227487  10.526755 13.480
 86     0.830 55237.11987861 27.40 285.226737  10.530055 13.480
 87     1.579 55272.11988915 27.44 285.227849  10.522830 18.541
 87     1.505 55272.11988979 32.40 285.227109  10.526130 18.541
 87     1.292 55272.11989043 24.50 285.226369  10.529430 18.541
 88     2.529 55307.11986006 50.73 285.229597  10.525008 15.998
 88     2.562 55307.11986071 44.29 285.228847  10.528308 15.998
 88     2.605 55307.11986135 36.72 285.228107  10.531618 15.998
 89     3.945 55342.11985983 48.86 285.228352  10.523447 18.967
 89     3.929 55342.11986048 44.80 285.227602  10.526747 18.967
 89     3.849 55342.11986112 40.74 285.226862  10.530047 18.967
 90     5.070 55377.11985346 39.93 285.228233  10.526213 34.420
 90     4.932 55377.11985410 38.45 285.227493  10.529513 34.420
 91     6.086 55412.11987697 52.52 285.227755  10.525089 32.736
 91     5.917 55412.11987761 51.47 285.227015  10.528389 32.736
 92     6.226 55447.11986830 47.82 285.228614  10.524907 36.871
 92     6.256 55447.11986894 49.68 285.227864  10.528207 36.871
 93     6.654 55482.11979918 46.20 285.229731  10.528012 36.306
 93     6.579 55482.11979982 43.20 285.228991  10.531322 36.306
