#    0.000   0.000   0.000 ;Mean Elev.(m), Avg Gradient(m/km), RMS Gradient(m/km) - SRTM1     
#    0.000   0.000   0.000 ;Mean Elev.(m), Avg Gradient(m/km), RMS Gradient(m/km) - ASTER GDEM
#   13.432  -0.324   2.308 ;Mean Elev.(m), Avg Gradient(m/km), RMS Gradient(m/km) - GMTED2010 
  8 285.320286   9.293674    13.200    13.137  4 52498.62806739 46.545
 10 285.321116   9.291929    13.543    13.522  3 52568.62808256 42.630
 11 285.316115   9.294957    15.314    15.291  5 52603.62807285 48.341
 12 285.318272   9.296285    13.829    13.832  5 52638.62804901 33.687
 13 285.318652   9.295673    11.818    11.900  6 52673.62804752 40.291
 14 285.320260   9.296732    11.821    11.543  5 52708.62805793 35.633
 15 285.313235   9.294425    11.416    11.458  4 52743.62808839 26.147
 17 285.317674   9.296301    15.038    15.034  5 52813.62810759 45.166
 18 285.320091   9.296381    14.633    14.625  6 52848.62816095 41.743
 19 285.316780   9.297088    14.258    14.233  5 52883.62819680 28.732
 20 285.320493   9.296956    14.673    14.683  6 52918.62815338 39.061
 25 285.311230   9.293928    12.791    12.309  3 53093.62814582 29.022
 28 285.320489   9.296138    13.974    13.981  5 53198.62818377 41.419
 30 285.318182   9.297341    14.687    14.739  6 53268.62812345 39.633
 31 285.311762   9.293325    15.673    15.660  4 53303.62818340 34.555
 32 285.318954   9.296703    16.885    16.916  5 53338.62815187 37.475
 33 285.320509   9.292855    15.583    15.571  3 53373.62808555 43.951
 34 285.321657   9.290845    13.380    13.385  3 53408.62812636 37.506
 35 285.319225   9.297234    13.004    13.041  6 53443.62810931 35.693
 36 285.314137   9.294449    13.467    13.441  5 53478.62818542 45.335
 37 285.319553   9.295782    15.011    15.016  6 53513.62819400 40.599
 38 285.314160   9.295063    15.585    15.595  5 53548.62821301 34.256
 39 285.320452   9.296486    14.666    14.730  5 53583.62817813 40.220
 40 285.315587   9.295219    14.380    14.336  5 53618.62813459 38.278
 41 285.319847   9.296207    14.936    14.969  6 53653.62815729 38.928
 42 285.316147   9.294971    11.392    11.389  5 53688.62815608 39.206
 43 285.320115   9.290496    17.115    17.114  3 53723.62808158 50.995
 45 285.322091   9.290125    13.768    13.892  3 53793.62804147 34.605
 46 285.323249   9.287922    13.952    13.952  2 53828.62801335 35.206
 47 285.317624   9.296962    15.205    15.177  5 53863.62809430 42.880
 48 285.320436   9.296767    16.774    16.772  5 53898.62811807 46.013
 49 285.309113   9.292448    16.166    16.093  3 53933.62816483 34.984
 50 285.313426   9.294002    15.153    15.108  5 53968.62813657 31.182
 51 285.322620   9.290337    15.240    15.240  2 54003.62810709 42.589
 52 285.321968   9.290049    15.407    15.407  2 54038.62814222 36.305
 53 285.319989   9.292140    16.557    16.532  3 54073.62813642 36.204
 54 285.317768   9.296645    15.723    15.704  6 54108.62808213 38.231
 55 285.320290   9.296203    13.125    13.259  5 54143.62807200 45.106
 56 285.318397   9.296692    12.027    12.293  5 54178.62806624 36.253
 57 285.319503   9.297116    14.275    14.289  5 54213.62807910 45.856
 58 285.319934   9.297492    16.208    16.191  6 54248.62810712 36.704
 59 285.320481   9.295441    16.809    16.806  6 54283.62811637 34.802
 60 285.320552   9.292057    15.608    15.540  3 54318.62811463 32.158
 61 285.320358   9.297149    16.508    16.519  6 54353.62807784 46.914
 62 285.320085   9.291250    16.301    16.345  3 54388.62805497 45.592
 63 285.319421   9.296180    17.542    17.541  6 54423.62802821 50.992
 64 285.320761   9.291522    16.498    16.498  2 54458.62802964 32.487
 65 285.320449   9.295726    14.885    14.870  6 54493.62803223 39.306
 66 285.321456   9.291399    14.234    14.234  2 54528.62804239 33.218
 67 285.319214   9.296695    13.859    13.855  5 54563.62803895 37.813
 68 285.320378   9.297401    15.062    15.047  6 54598.62803658 45.718
 69 285.318727   9.296233    16.373    16.389  6 54633.62805011 43.500
 70 285.318741   9.296338    17.058    17.091  6 54668.62805492 42.527
 71 285.320264   9.293222    16.964    16.965  3 54703.62802015 45.887
 72 285.320458   9.294324    17.114    17.142  4 54738.62801741 40.119
 73 285.320804   9.296302    17.377    17.386  5 54773.62800123 41.804
 74 285.320451   9.297242    17.861    17.863  6 54808.62801011 44.670
 75 285.320007   9.296272    16.437    16.408  5 54843.62799865 33.207
 76 285.318915   9.296464    14.807    14.683  6 54878.62801372 30.649
 77 285.317517   9.296232    13.894    13.907  5 54913.62800288 37.243
 78 285.318856   9.296350    15.013    15.023  5 54948.62800521 43.306
 79 285.318464   9.296586    15.146    15.158  6 54983.62803088 37.931
 80 285.320681   9.296444    15.294    15.280  5 55018.62802817 41.437
 81 285.319993   9.291487    14.549    14.549  3 55053.62802456 39.961
 82 285.318666   9.296565    14.105    14.077  6 55088.62798550 45.916
 83 285.320479   9.291515    14.703    14.748  3 55123.62796166 37.493
 84 285.318576   9.296262    15.223    15.226  6 55158.62794645 35.396
 85 285.320517   9.296287    13.818    14.048  5 55193.62795034 32.299
 86 285.318450   9.296712    11.126    11.104  6 55228.62794853 28.287
 87 285.320305   9.293685    10.795    10.806  4 55263.62794628 34.142
 88 285.319914   9.296139    12.287    12.258  5 55298.62793117 33.105
 89 285.318840   9.296911    14.659    14.664  5 55333.62792373 41.599
 90 285.320627   9.297022    15.854    15.817  6 55368.62791543 46.696
 91 285.320538   9.292843    17.106    17.101  3 55403.62793190 47.150
 92 285.320218   9.291381    17.423    17.390  3 55438.62793428 42.796
 93 285.319941   9.296032    17.642    17.642  6 55473.62788134 49.168
