#    0.000   0.000   0.000 ;Mean Elev.(m), Avg Gradient(m/km), RMS Gradient(m/km) - SRTM1     
#    0.000   0.000   0.000 ;Mean Elev.(m), Avg Gradient(m/km), RMS Gradient(m/km) - ASTER GDEM
#    4.975  -0.380   2.006 ;Mean Elev.(m), Avg Gradient(m/km), RMS Gradient(m/km) - GMTED2010 
  6 285.219510  10.518335     4.260     4.260  2 52437.12002742 43.659
  7 285.223509  10.523482     3.935     3.935  2 52472.12002960 37.907
  8 285.226488  10.526021    -1.945    -1.945  2 52507.12000539 33.023
  9 285.231268  10.530101     2.636     2.636  2 52542.11998824 48.919
 10 285.223160  10.522729     3.419     3.419  2 52577.12003685 52.891
 11 285.225301  10.525615     4.244     4.213  3 52612.12000079 33.566
 12 285.226966  10.526944     3.248     3.177  3 52647.11998601 26.439
 13 285.234508  10.532137     1.646     1.646  2 52682.11995701 26.391
 14 285.224223  10.523228     1.129     1.129  2 52717.12001503 45.018
 15 285.218081  10.516143     2.765     2.765  2 52752.12003875 45.432
 16 285.224381  10.522531     3.738     3.738  2 52787.11998498 52.030
 17 285.225536  10.524677     4.626     4.626  2 52822.12005802 52.710
 18 285.228309  10.527172     4.102     4.064  3 52857.12010552 47.323
 19 285.223805  10.522070     3.312     3.312  2 52892.12013681 37.767
 20 285.225789  10.524835     4.439     4.439  2 52927.12008912 52.367
 21 285.232199  10.531425     5.297     5.267  3 52962.12005918 48.780
 22 285.224393  10.523029     5.852     5.852  2 52997.12009988 34.913
 23 285.226253  10.525654     3.672     3.672  2 53032.12005935 27.406
 24 285.228738  10.528347     2.715     2.715  2 53067.12006991 19.305
 25 285.224787  10.524142     2.016     1.652  3 53102.12006351 27.135
 26 285.229908  10.528114     3.251     3.251  2 53137.12007272 48.442
 27 285.224964  10.521610     4.465     4.465  2 53172.12011974 51.967
 28 285.224958  10.525452     3.504     3.504  2 53207.12013467 51.775
 29 285.229831  10.528812     3.185     3.173  3 53242.12010264 52.125
 30 285.225877  10.524718     4.098     4.098  2 53277.12007469 51.027
 31 285.224489  10.522676     4.996     4.996  2 53312.12011070 49.458
 32 285.228109  10.527975     5.869     5.869  2 53347.12007734 46.791
 33 285.226986  10.526354     4.110     4.110  2 53382.12003949 29.841
 34 285.232547  10.531596     3.052     3.052  2 53417.12005648 22.358
 35 285.227021  10.526455     1.934     1.927  3 53452.12005543 49.077
 37 285.228477  10.528485     4.303     4.303  2 53522.12013289 50.108
 38 285.221047  10.518987     4.656     4.656  2 53557.12015610 43.762
 39 285.233738  10.533473     3.810     3.810  2 53592.12009505 43.024
 40 285.220092  10.519576     3.648     3.648  2 53627.12008306 48.012
 41 285.224207  10.523365     4.227     4.227  2 53662.12010888 52.360
 42 285.227324  10.527208     5.499     5.533  3 53697.12007564 41.106
 43 285.231143  10.530337     5.785     5.785  2 53732.11999881 45.313
 44 285.231386  10.530596     4.021     3.997  3 53767.11997371 36.393
 45 285.230969  10.529963     3.472     3.429  3 53802.11997398 27.028
 46 285.225717  10.524784     3.405     3.416  3 53837.11998388 25.637
 47 285.226409  10.525961     4.817     4.829  3 53872.12003742 48.346
 48 285.223200  10.522461     5.764     5.764  2 53907.12007709 50.646
 49 285.218937  10.517007     4.810     4.810  2 53942.12010361 36.518
 50 285.225395  10.526157     3.788     3.803  3 53977.12005869 50.469
 51 285.226595  10.527167     3.985     3.985  2 54012.12006418 37.396
 52 285.231755  10.532439     4.738     4.738  2 54047.12007659 48.121
 54 285.228381  10.526835     4.172     4.172  2 54117.12000024 25.408
 55 285.225593  10.525923     1.500     1.500  2 54152.12002037 33.437
 56 285.228189  10.527189     1.718     1.718  2 54187.11999328 38.192
 57 285.225213  10.525235     3.936     3.936  2 54222.12002983 53.289
 58 285.226496  10.526705     5.404     5.374  3 54257.12005304 40.692
 59 285.228257  10.526554     5.914     5.914  2 54292.12005486 49.012
 60 285.228600  10.529360     4.873     4.873  2 54327.12005169 50.277
 61 285.228323  10.528539     5.482     5.482  2 54362.12000168 45.072
 62 285.227881  10.528518     5.466     5.466  2 54397.11999133 52.088
 63 285.229312  10.528178     6.593     6.503  3 54432.11995112 45.738
 64 285.228401  10.526786     5.232     5.232  2 54467.11997242 30.807
 65 285.228282  10.528436     3.231     3.231  2 54502.11996579 43.851
 66 285.228596  10.526703     3.985     3.985  2 54537.11998764 22.816
 67 285.228535  10.528870     3.347     3.347  2 54572.11996781 27.411
 68 285.226638  10.525931     4.172     4.172  2 54607.11998168 53.014
 69 285.226768  10.526484     5.004     5.030  3 54642.11999033 35.242
 70 285.226037  10.525160     5.817     5.817  2 54677.11999208 52.210
 71 285.229610  10.528895     5.818     5.818  2 54712.11994718 51.105
 72 285.226138  10.526239     5.637     5.637  2 54747.11996079 35.344
 73 285.228793  10.527135     6.212     6.212  2 54782.11993219 44.769
 74 285.226949  10.526204     6.601     6.510  3 54817.11995340 39.181
 75 285.228332  10.527172     4.992     4.992  2 54852.11993039 27.462
 76 285.225915  10.525193     4.413     4.394  3 54887.11995743 28.285
 77 285.226892  10.525838     3.753     3.753  2 54922.11993040 24.827
 78 285.225287  10.526073     4.434     4.180  3 54957.11995448 34.546
 79 285.224793  10.523679     4.024     4.007  3 54992.11997692 33.794
 80 285.227708  10.527825     4.240     4.240  2 55027.11996789 51.173
 81 285.227439  10.526784     3.418     3.453  3 55062.11996085 52.191
 82 285.227766  10.526425     3.474     3.474  2 55097.11990909 49.765
 84 285.228805  10.528759     4.115     4.113  3 55167.11987129 35.170
 85 285.226075  10.526288     2.368     2.368  2 55202.11989610 27.186
 86 285.227484  10.526752     0.826     0.830  3 55237.11987797 36.453
 87 285.227109  10.526130     1.459     1.505  3 55272.11988979 29.335
 88 285.228850  10.528311     2.565     2.562  3 55307.11986071 46.986
 89 285.227605  10.526747     3.908     3.929  3 55342.11986048 45.983
 90 285.227863  10.527863     5.001     5.001  2 55377.11985378 39.253
 91 285.227385  10.526739     6.001     6.001  2 55412.11987729 52.027
 92 285.228239  10.526557     6.241     6.241  2 55447.11986862 48.849
 93 285.229361  10.529667     6.616     6.616  2 55482.11979950 44.954
